0.370370 2.622951
0.000000 2.459016
0.000000 2.704918
0.000000 2.622951
0.092593 2.540984
0.185185 2.540984
0.092593 2.540984
2.222222 0.655738
2.129630 0.737705
2.222222 0.819672
2.222222 0.901639
2.129630 0.983607
1.944444 0.819672
1.851852 0.819672
1.666667 0.983607
1.666667 1.065574
1.574074 1.147541
1.481481 1.147541
1.203704 1.393443
1.111111 1.393443
0.648148 1.803279
0.555556 1.803279
0.555556 1.885246
0.185185 2.213115
0.185185 2.295082
0.277778 2.377049
0.462963 2.377049
0.462963 2.213115
0.648148 2.049180
0.740741 2.049180
1.111111 1.721311
1.203704 1.803279
1.203704 1.885246
1.296296 1.967213
1.296296 2.868852
1.388889 2.950820
1.388889 3.114754
1.481481 3.196721
1.481481 3.524590
1.388889 3.606557
1.388889 3.770492
1.296296 3.852459
1.296296 4.262295
1.203704 4.344262
1.203704 4.508197
1.111111 4.590164
1.111111 5.000000
1.481481 5.000000
1.388889 4.918033
1.388889 4.672131
1.481481 4.590164
1.481481 4.344262
1.574074 4.262295
1.574074 4.180328
1.666667 4.098361
1.666667 3.934426
1.759259 3.852459
1.759259 3.770492
1.944444 3.606557
1.944444 3.278689
1.851852 3.196721
1.851852 2.786885
1.944444 2.704918
2.037037 2.704918
2.314815 2.950820
2.314815 3.032787
2.777778 3.442623
2.777778 3.606557
2.685185 3.688525
2.685185 4.098361
2.592593 4.180328
2.592593 4.344262
2.500000 4.426230
2.500000 4.590164
2.407407 4.672131
2.592593 4.836066
2.592593 4.918033
2.777778 4.918033
2.870370 4.836066
3.333333 4.836066
3.240741 4.754098
3.148148 4.754098
2.870370 4.508197
2.870370 4.426230
2.962963 4.344262
2.962963 4.098361
3.055556 4.016393
3.055556 3.852459
3.148148 3.770492
3.148148 3.606557
3.240741 3.524590
3.240741 3.442623
3.148148 3.360656
3.148148 3.196721
3.055556 3.114754
3.055556 2.950820
2.962963 2.868852
2.962963 2.786885
2.777778 2.622951
2.777778 2.540984
2.592593 2.377049
2.592593 2.131148
2.500000 2.049180
2.685185 1.885246
2.685185 1.721311
2.777778 1.639344
2.870370 1.721311
2.962963 1.639344
3.055556 1.639344
3.055556 1.557377
3.148148 1.475410
3.333333 1.475410
3.425926 1.557377
3.703704 1.557377
3.796296 1.639344
3.981481 1.639344
4.074074 1.721311
4.259259 1.721311
4.351852 1.803279
4.444444 1.803279
4.537037 1.885246
4.629630 1.885246
4.722222 1.967213
4.722222 2.049180
4.444444 2.295082
4.259259 2.295082
4.166667 2.213115
4.166667 2.131148
4.351852 1.967213
4.259259 2.049180
4.166667 1.967213
4.074074 2.049180
4.074074 2.459016
4.259259 2.622951
4.629630 2.622951
4.722222 2.540984
4.814815 2.540984
4.907407 2.459016
4.907407 2.131148
5.000000 2.049180
5.000000 1.885246
4.907407 1.803279
4.814815 1.803279
4.629630 1.639344
4.444444 1.639344
4.351852 1.557377
4.259259 1.557377
4.166667 1.475410
4.074074 1.475410
3.981481 1.393443
3.888889 1.393443
3.796296 1.311475
3.703704 1.311475
3.611111 1.229508
3.611111 1.147541
3.425926 0.983607
3.240741 0.983607
3.148148 0.901639
3.148148 1.147541
3.055556 1.229508
2.962963 1.147541
2.962963 0.737705
2.870370 0.737705
2.777778 0.655738
2.592593 0.819672
2.500000 0.737705
2.500000 0.655738
2.592593 0.000000
2.314815 0.245902
2.314815 0.327869
2.407407 0.409836
2.407407 0.491803
2.685185 0.491803
2.777778 0.409836
2.870370 0.491803
2.962963 0.491803
3.055556 0.573770
3.055556 0.491803
3.148148 0.409836
3.148148 0.245902
2.870370 0.000000
