0.000000 0.000000
-0.037631 -0.000081
-0.075262 -0.000161
-0.112893 -0.000242
-0.150524 -0.000323
-0.188155 -0.000403
-0.225786 -0.000484
-0.263417 -0.000565
-0.301048 -0.000645
-0.338679 -0.000726
-0.376310 -0.000806
-0.413941 -0.000887
-0.451572 -0.000968
-0.489203 -0.001048
-0.526834 -0.001129
-0.564465 -0.001210
-0.602096 -0.001290
-0.639727 -0.001371
-0.677358 -0.001452
-0.714989 -0.001532
-0.752620 -0.001613
-0.790251 -0.001694
-0.827882 -0.001774
-0.865513 -0.001855
-0.903144 -0.001936
-0.940775 -0.002016
-0.978405 -0.002097
-1.016036 -0.002178
-1.053667 -0.002258
-1.091298 -0.002339
-1.128929 -0.002419
-1.166560 -0.002500
-1.204191 -0.002581
-1.241822 -0.002661
-1.279453 -0.002742
-1.317084 -0.002823
-1.354715 -0.002903
-1.392346 -0.002984
-1.429977 -0.003065
-1.467608 -0.003145
-1.505239 -0.003226
-1.542870 -0.003307
-1.580501 -0.003387
-1.618132 -0.003468
-1.655763 -0.003549
-1.693394 -0.003629
-1.731025 -0.003710
-1.768656 -0.003791
-1.806287 -0.003871
-1.843918 -0.003952
-1.881549 -0.004032
-1.919180 -0.004113
-1.956811 -0.004194
-1.994442 -0.004274
-2.032073 -0.004355
-2.069704 -0.004436
-2.107335 -0.004516
-2.144966 -0.004597
-2.182597 -0.004678
-2.220228 -0.004758
-2.257859 -0.004839
-2.295490 -0.004920
-2.333121 -0.005000
-2.370752 -0.005081
-2.408383 -0.005162
-2.446014 -0.005242
-2.483645 -0.005323
-2.521276 -0.005404
-2.558907 -0.005484
-2.596538 -0.005565
-2.634169 -0.005645
-2.671800 -0.005726
-2.709431 -0.005807
-2.747062 -0.005887
-2.784693 -0.005968
-2.822323 -0.006049
-2.859954 -0.006129
-2.897585 -0.006210
-2.935216 -0.006291
-2.972847 -0.006371
-3.010478 -0.006452
-3.048109 -0.006533
-3.085740 -0.006613
-3.123371 -0.006694
-3.161002 -0.006775
-3.198633 -0.006855
-3.236264 -0.006936
-3.273895 -0.007017
-3.311526 -0.007097
-3.349157 -0.007178
-3.386788 -0.007258
-3.424419 -0.007339
-3.462050 -0.007420
-3.499681 -0.007500
-3.537312 -0.007581
-3.574943 -0.007662
-3.612574 -0.007742
-3.650205 -0.007823
-3.687836 -0.007904
-3.725467 -0.007984
-3.763098 -0.008065
-3.753986 -0.008065
-3.753986 -0.024194
-3.763098 -0.032258
-3.763098 -0.040323
-3.772210 -0.048387
-3.772210 -0.056452
-3.781321 -0.064516
-3.781321 -0.080645
-3.799544 -0.096774
-3.799544 -0.104839
-3.808656 -0.112903
-3.808656 -0.120968
-3.817768 -0.129032
-3.817768 -0.137097
-3.826879 -0.145161
-3.826879 -0.153226
-3.835991 -0.161290
-3.835991 -0.177419
-3.845103 -0.185484
-3.845103 -0.201613
-3.854214 -0.209677
-3.854214 -0.225806
-3.863326 -0.233871
-3.890661 -0.209677
-3.890661 -0.201613
-3.881549 -0.193548
-3.881549 -0.153226
-3.872437 -0.145161
-3.872437 -0.129032
-3.863326 -0.120968
-3.854214 -0.120968
-3.845103 -0.112903
-3.845103 -0.104839
-3.835991 -0.096774
-3.835991 -0.080645
-3.808656 -0.056452
-3.808656 -0.048387
-3.881549 -0.024194
-3.890661 -0.032258
-3.890661 -0.008065
-3.881549 -0.008065
-3.899772 -0.000000
-3.917995 -0.016129
-3.936219 -0.016129
-3.945330 -0.024194
-3.945330 -0.080645
-3.917995 -0.104839
-3.908884 -0.096774
-3.908884 -0.088710
-3.899772 -0.080645
-3.899772 -0.064516
-3.890661 -0.056452
-3.917995 -0.129032
-3.908884 -0.137097
-3.908884 -0.161290
-3.927107 -0.177419
-3.927107 -0.185484
-3.954442 -0.209677
-3.981777 -0.209677
-4.000000 -0.193548
-4.000000 -0.153226
-3.990888 -0.145161
-3.990888 -0.129032
-3.981777 -0.120968
-3.981777 -0.112903
-3.917995 -0.225806
-3.908884 -0.225806
-3.927107 -0.233871
-3.863326 -0.298387
-3.872437 -0.306452
-3.872437 -0.322581
-3.890661 -0.338710
-3.917995 -0.338710
-3.927107 -0.330645
-3.753986 -0.346774
-3.744875 -0.354839
-3.744875 -0.370968
-3.726651 -0.387097
-3.708428 -0.387097
-3.699317 -0.379032
-3.699317 -0.362903
-3.690205 -0.354839
-3.690205 -0.282258
-3.681093 -0.274194
-3.681093 -0.250000
-3.671982 -0.241935
-3.671982 -0.217742
-3.662870 -0.209677
-3.662870 -0.177419
-3.653759 -0.169355
-3.653759 -0.153226
-3.644647 -0.145161
-3.644647 -0.129032
-3.626424 -0.112903
-3.626424 -0.096774
-3.608200 -0.080645
-3.608200 -0.064516
-3.599089 -0.056452
-3.599089 -0.048387
-3.626424 -0.016129
-3.635535 -0.016129
-3.653759 -0.032258
-3.653759 -0.080645
-3.662870 -0.088710
-3.662870 -0.096774
-3.681093 -0.112903
-3.690205 -0.112903
-3.717540 -0.137097
-3.717540 -0.153226
-3.726651 -0.161290
-3.726651 -0.177419
-3.735763 -0.185484
-3.735763 -0.193548
-3.744875 -0.201613
-3.744875 -0.258065
-3.753986 -0.266129
-3.562642 -0.016129
-3.562642 -0.008065
-3.535308 0.016129
-3.526196 0.016129
-3.517084 0.024194
-3.517084 0.032258
-3.507973 0.040323
-3.498861 0.040323
-3.489749 0.048387
-3.480638 0.048387
-3.471526 0.056452
-3.489749 0.072581
-3.498861 0.072581
-3.507973 0.064516
-3.535308 0.064516
-3.544419 0.056452
-3.553531 0.056452
-3.599089 0.016129
-3.599089 0.008065
-3.480638 0.080645
-3.480638 0.088710
-3.453303 0.112903
-3.425968 0.145161
-3.416856 0.145161
-3.407745 0.137097
-3.407745 0.112903
-3.398633 0.104839
-3.398633 0.096774
-3.389522 0.088710
-3.389522 0.080645
-3.380410 0.072581
-3.380410 0.056452
-3.353075 0.129032
-3.362187 0.137097
-3.298405 0.129032
-3.289294 0.120968
-3.280182 0.120968
-3.261959 0.104839
-3.252847 0.112903
-3.243736 0.112903
-3.225513 0.129032
-3.216401 0.129032
-3.198178 0.145161
-3.198178 0.193548
-3.189066 0.201613
-3.189066 0.250000
-3.179954 0.258065
-3.179954 0.395161
-3.088838 0.475806
-3.088838 0.483871
-3.061503 0.508065
-3.061503 0.516129
-3.052392 0.524194
-3.052392 0.532258
-3.043280 0.540323
-3.043280 0.548387
-2.988610 0.596774
-2.979499 0.596774
-2.970387 0.604839
-2.961276 0.604839
-2.952164 0.612903
-2.943052 0.612903
-2.933941 0.620968
-2.924829 0.620968
-2.915718 0.629032
-2.906606 0.629032
-2.897494 0.637097
-2.888383 0.637097
-2.879271 0.645161
-2.861048 0.645161
-2.851936 0.653226
-2.833713 0.653226
-2.824601 0.661290
-2.815490 0.661290
-2.797267 0.677419
-2.788155 0.677419
-2.779043 0.685484
-2.769932 0.685484
-2.751708 0.701613
-2.751708 0.709677
-2.733485 0.725806
-2.733485 0.733871
-2.724374 0.741935
-2.724374 0.750000
-2.706150 0.766129
-2.706150 0.774194
-2.669704 0.806452
-2.660592 0.806452
-2.605923 0.854839
-2.596811 0.854839
-2.560364 0.887097
-2.551253 0.887097
-2.496583 0.935484
-2.487472 0.935484
-2.451025 0.967742
-2.441913 0.967742
-2.414579 0.991935
-2.405467 0.991935
-2.396355 1.000000
-2.387244 1.000000
-2.359909 1.024194
-2.350797 1.024194
-2.341686 1.032258
-2.332574 1.032258
-2.314351 1.048387
-2.305239 1.048387
-2.287016 1.064516
-2.277904 1.064516
-2.259681 1.080645
-2.250569 1.080645
-2.223235 1.104839
-2.214123 1.104839
-2.195900 1.120968
-2.186788 1.120968
-2.168565 1.137097
-2.159453 1.137097
-2.150342 1.145161
-2.141230 1.145161
-2.132118 1.153226
-2.113895 1.153226
-2.104784 1.161290
-2.095672 1.161290
-2.086560 1.169355
-2.077449 1.169355
-2.068337 1.161290
-2.068337 1.145161
-2.077449 1.137097
-2.077449 1.129032
-2.086560 1.120968
-2.086560 1.112903
-2.104784 1.096774
-2.104784 1.080645
-2.113895 1.072581
-2.113895 1.040323
-2.123007 1.032258
-2.123007 0.975806
-2.113895 0.967742
-2.113895 0.943548
-2.104784 0.935484
-2.104784 0.927419
-2.077449 0.903226
-2.077449 0.895161
-2.068337 0.895161
-2.050114 0.879032
-1.968109 0.879032
-1.949886 0.862903
-1.949886 0.830645
-1.931663 0.814516
-1.931663 0.806452
-1.922551 0.798387
-1.922551 0.758065
-1.931663 0.750000
-1.931663 0.741935
-1.949886 0.725806
-1.949886 0.717742
-1.958998 0.709677
-1.958998 0.693548
-1.949886 0.685484
-1.949886 0.637097
-1.958998 0.629032
-1.958998 0.459677
-1.949886 0.451613
-1.949886 0.435484
-1.940774 0.427419
-1.940774 0.403226
-1.949886 0.395161
-1.949886 0.274194
-1.940774 0.266129
-1.940774 0.209677
-1.931663 0.201613
-1.931663 0.153226
-1.922551 0.145161
-1.922551 0.096774
-1.913440 0.088710
-1.913440 0.064516
-1.904328 0.056452
-1.904328 0.040323
-1.895216 0.032258
-1.895216 -0.016129
-1.886105 -0.024194
-1.886105 -0.250000
-1.895216 -0.258065
-1.895216 -0.362903
-1.904328 -0.370968
-1.904328 -0.443548
-1.913440 -0.451613
-1.913440 -0.548387
-1.904328 -0.556452
-1.904328 -0.596774
-1.895216 -0.604839
-1.895216 -0.620968
-1.886105 -0.629032
-1.886105 -0.637097
-1.876993 -0.645161
-1.876993 -0.661290
-1.867882 -0.669355
-1.867882 -0.685484
-1.858770 -0.693548
-1.858770 -0.717742
-1.849658 -0.725806
-1.849658 -0.733871
-1.840547 -0.741935
-1.840547 -0.750000
-1.831435 -0.758065
-1.831435 -0.774194
-1.822323 -0.782258
-1.822323 -0.806452
-1.813212 -0.814516
-1.813212 -0.822581
-1.804100 -0.830645
-1.804100 -0.846774
-1.794989 -0.854839
-1.794989 -0.870968
-1.785877 -0.879032
-1.785877 -0.895161
-1.776765 -0.903226
-1.776765 -0.911290
-1.767654 -0.919355
-1.767654 -0.943548
-1.758542 -0.951613
-1.758542 -0.967742
-1.749431 -0.975806
-1.749431 -0.991935
-1.740319 -1.000000
-1.740319 -1.008065
-1.731207 -1.016129
-1.731207 -1.024194
-1.722096 -1.032258
-1.722096 -1.048387
-1.712984 -1.056452
-1.712984 -1.064516
-1.703872 -1.072581
-1.703872 -1.080645
-1.694761 -1.088710
-1.694761 -1.104839
-1.685649 -1.112903
-1.685649 -1.120968
-1.676538 -1.129032
-1.676538 -1.137097
-1.667426 -1.145161
-1.667426 -1.161290
-1.658314 -1.169355
-1.658314 -1.177419
-1.649203 -1.185484
-1.649203 -1.193548
-1.640091 -1.201613
-1.640091 -1.217742
-1.630979 -1.225806
-1.630979 -1.250000
-1.621868 -1.258065
-1.621868 -1.282258
-1.612756 -1.290323
-1.612756 -1.346774
-1.621868 -1.354839
-1.621868 -1.419355
-1.630979 -1.427419
-1.630979 -1.435484
-1.640091 -1.443548
-1.640091 -1.467742
-1.649203 -1.475806
-1.649203 -1.483871
-1.658314 -1.491935
-1.658314 -1.500000
-1.667426 -1.508065
-1.667426 -1.532258
-1.676538 -1.540323
-1.676538 -1.564516
-1.685649 -1.572581
-1.685649 -1.588710
-1.694761 -1.596774
-1.694761 -1.604839
-1.712984 -1.620968
-1.712984 -1.629032
-1.722096 -1.637097
-1.722096 -1.645161
-1.731207 -1.653226
-1.731207 -1.661290
-1.740319 -1.669355
-1.740319 -1.685484
-1.749431 -1.693548
-1.749431 -1.701613
-1.758542 -1.709677
-1.758542 -1.725806
-1.767654 -1.733871
-1.767654 -1.750000
-1.776765 -1.758065
-1.776765 -1.766129
-1.785877 -1.774194
-1.785877 -1.782258
-1.794989 -1.790323
-1.794989 -1.806452
-1.804100 -1.814516
-1.804100 -1.822581
-1.813212 -1.830645
-1.813212 -1.846774
-1.822323 -1.854839
-1.822323 -1.870968
-1.831435 -1.879032
-1.831435 -1.887097
-1.840547 -1.895161
-1.840547 -1.903226
-1.849658 -1.911290
-1.849658 -1.919355
-1.858770 -1.927419
-1.858770 -1.943548
-1.867882 -1.951613
-1.867882 -1.967742
-1.876993 -1.975806
-1.876993 -2.000000
-1.886105 -2.008065
-1.886105 -2.032258
-1.895216 -2.040323
-1.895216 -2.064516
-1.904328 -2.072581
-1.904328 -2.104839
-1.913440 -2.112903
-1.913440 -2.153226
-1.922551 -2.161290
-1.922551 -2.201613
-1.931663 -2.209677
-1.931663 -2.250000
-1.940774 -2.258065
-1.940774 -2.290323
-1.949886 -2.298387
-1.949886 -2.346774
-1.958998 -2.354839
-1.958998 -2.403226
-1.968109 -2.411290
-1.968109 -2.459677
-1.977221 -2.467742
-1.977221 -2.508065
-1.986333 -2.516129
-1.986333 -2.548387
-1.995444 -2.556452
-1.995444 -2.596774
-2.004556 -2.604839
-2.004556 -2.701613
-2.013667 -2.709677
-2.013667 -2.717742
-2.022779 -2.725806
-2.022779 -2.758065
-2.031891 -2.766129
-2.031891 -2.798387
-2.041002 -2.806452
-2.041002 -2.838710
-2.050114 -2.846774
-2.050114 -2.895161
-2.059226 -2.903226
-2.059226 -2.927419
-2.068337 -2.935484
-2.068337 -2.967742
-2.077449 -2.975806
-2.077449 -2.991935
-2.095672 -3.008065
-2.095672 -3.032258
-2.104784 -3.040323
-2.104784 -3.088710
-2.113895 -3.096774
-2.113895 -3.120968
-2.123007 -3.129032
-2.123007 -3.145161
-2.132118 -3.153226
-2.132118 -3.161290
-2.141230 -3.169355
-2.141230 -3.177419
-2.150342 -3.185484
-2.150342 -3.193548
-2.159453 -3.201613
-2.159453 -3.209677
-2.168565 -3.217742
-2.168565 -3.225806
-2.177677 -3.233871
-2.177677 -3.250000
-2.186788 -3.258065
-2.186788 -3.298387
-2.195900 -3.306452
-2.195900 -3.443548
-2.205011 -3.451613
-2.205011 -3.532258
-2.214123 -3.540323
-2.214123 -3.572581
-2.223235 -3.580645
-2.223235 -3.620968
-2.232346 -3.629032
-2.232346 -3.669355
-2.241458 -3.677419
-2.241458 -3.701613
-2.250569 -3.709677
-2.250569 -3.741935
-2.259681 -3.750000
-2.259681 -3.854839
-2.241458 -3.870968
-2.241458 -3.879032
-2.232346 -3.887097
-2.232346 -3.895161
-2.214123 -3.911290
-2.205011 -3.911290
-2.186788 -3.927419
-2.177677 -3.927419
-2.159453 -3.943548
-2.150342 -3.943548
-2.141230 -3.951613
-2.132118 -3.951613
-2.123007 -3.959677
-2.104784 -3.959677
-2.095672 -3.967742
-2.077449 -3.967742
-2.068337 -3.975806
-2.050114 -3.975806
-2.041002 -3.983871
-2.013667 -3.983871
-2.004556 -3.991935
-1.958998 -3.991935
-1.949886 -4.000000
-1.904328 -4.000000
-1.895216 -3.991935
-1.703872 -3.991935
-1.694761 -3.983871
-1.658314 -3.983871
-1.640091 -3.967742
-1.630979 -3.967742
-1.621868 -3.959677
-1.612756 -3.959677
-1.567198 -3.919355
-1.567198 -3.879032
-1.576310 -3.870968
-1.576310 -3.838710
-1.567198 -3.830645
-1.576310 -3.822581
-1.576310 -3.814516
-1.585421 -3.814516
-1.603645 -3.798387
-1.603645 -3.782258
-1.576310 -3.758065
-1.576310 -3.733871
-1.585421 -3.725806
-1.585421 -3.717742
-1.603645 -3.701613
-1.603645 -3.693548
-1.612756 -3.685484
-1.612756 -3.612903
-1.621868 -3.604839
-1.621868 -3.588710
-1.630979 -3.580645
-1.630979 -3.564516
-1.640091 -3.556452
-1.640091 -3.508065
-1.649203 -3.500000
-1.649203 -3.419355
-1.640091 -3.411290
-1.640091 -3.379032
-1.630979 -3.370968
-1.630979 -3.354839
-1.621868 -3.346774
-1.621868 -3.338710
-1.612756 -3.330645
-1.612756 -3.322581
-1.594533 -3.306452
-1.594533 -3.290323
-1.585421 -3.282258
-1.585421 -3.193548
-1.594533 -3.185484
-1.594533 -3.129032
-1.585421 -3.120968
-1.585421 -3.104839
-1.576310 -3.096774
-1.576310 -3.088710
-1.548975 -3.064516
-1.548975 -3.056452
-1.539863 -3.048387
-1.539863 -3.040323
-1.521640 -3.024194
-1.521640 -3.008065
-1.512528 -3.000000
-1.512528 -2.983871
-1.503417 -2.975806
-1.503417 -2.967742
-1.494305 -2.959677
-1.494305 -2.943548
-1.485194 -2.935484
-1.485194 -2.919355
-1.476082 -2.911290
-1.476082 -2.903226
-1.466970 -2.895161
-1.466970 -2.870968
-1.457859 -2.862903
-1.457859 -2.846774
-1.448747 -2.838710
-1.448747 -2.822581
-1.439636 -2.814516
-1.439636 -2.806452
-1.430524 -2.798387
-1.430524 -2.782258
-1.421412 -2.774194
-1.421412 -2.766129
-1.412301 -2.758065
-1.412301 -2.741935
-1.403189 -2.733871
-1.403189 -2.725806
-1.394077 -2.717742
-1.394077 -2.701613
-1.384966 -2.693548
-1.384966 -2.685484
-1.375854 -2.677419
-1.375854 -2.669355
-1.366743 -2.661290
-1.366743 -2.653226
-1.357631 -2.645161
-1.357631 -2.637097
-1.348519 -2.629032
-1.348519 -2.620968
-1.339408 -2.612903
-1.339408 -2.596774
-1.330296 -2.588710
-1.330296 -2.580645
-1.321185 -2.572581
-1.321185 -2.564516
-1.312073 -2.556452
-1.312073 -2.548387
-1.302961 -2.540323
-1.302961 -2.524194
-1.293850 -2.516129
-1.293850 -2.491935
-1.284738 -2.483871
-1.284738 -2.467742
-1.275626 -2.459677
-1.275626 -2.435484
-1.266515 -2.427419
-1.266515 -2.411290
-1.257403 -2.403226
-1.257403 -2.387097
-1.248292 -2.379032
-1.248292 -2.362903
-1.239180 -2.354839
-1.239180 -2.338710
-1.230068 -2.330645
-1.230068 -2.306452
-1.220957 -2.298387
-1.220957 -2.282258
-1.211845 -2.274194
-1.211845 -2.266129
-1.202733 -2.258065
-1.202733 -2.225806
-1.193622 -2.217742
-1.193622 -2.193548
-1.184510 -2.185484
-1.184510 -2.161290
-1.175399 -2.153226
-1.175399 -2.137097
-1.166287 -2.129032
-1.166287 -2.120968
-1.120729 -2.080645
-1.111617 -2.080645
-1.056948 -2.032258
-1.056948 -2.016129
-1.047836 -2.008065
-1.047836 -1.991935
-1.038724 -1.983871
-1.038724 -1.975806
-1.029613 -1.967742
-1.029613 -1.951613
-1.020501 -1.943548
-1.020501 -1.911290
-1.002278 -1.895161
-0.993166 -1.895161
-0.984055 -1.887097
-0.965831 -1.887097
-0.947608 -1.870968
-0.947608 -1.862903
-0.938497 -1.854839
-0.938497 -1.814516
-0.929385 -1.806452
-0.929385 -1.798387
-0.911162 -1.782258
-0.911162 -1.774194
-0.883827 -1.750000
-0.883827 -1.741935
-0.865604 -1.725806
-0.865604 -1.717742
-0.856492 -1.709677
-0.856492 -1.693548
-0.847380 -1.685484
-0.847380 -1.677419
-0.838269 -1.669355
-0.838269 -1.661290
-0.829157 -1.653226
-0.829157 -1.645161
-0.820046 -1.637097
-0.820046 -1.629032
-0.810934 -1.620968
-0.810934 -1.604839
-0.801822 -1.596774
-0.801822 -1.556452
-0.810934 -1.548387
-0.810934 -1.483871
-0.820046 -1.475806
-0.820046 -1.435484
-0.829157 -1.427419
-0.829157 -1.411290
-0.838269 -1.403226
-0.838269 -1.354839
-0.847380 -1.346774
-0.847380 -1.274194
-0.856492 -1.266129
-0.856492 -1.193548
-0.865604 -1.185484
-0.865604 -1.153226
-0.874715 -1.145161
-0.874715 -1.056452
-0.883827 -1.048387
-0.883827 -1.024194
-0.892938 -1.016129
-0.892938 -1.000000
-0.902050 -0.991935
-0.902050 -0.975806
-0.911162 -0.967742
-0.911162 -0.943548
-0.920273 -0.935484
-0.920273 -0.903226
-0.929385 -0.895161
-0.929385 -0.887097
-0.920273 -0.879032
-0.920273 -0.693548
-0.911162 -0.685484
-0.911162 -0.620968
-0.902050 -0.612903
-0.902050 -0.580645
-0.892938 -0.572581
-0.892938 -0.508065
-0.883827 -0.500000
-0.883827 -0.467742
-0.874715 -0.459677
-0.874715 -0.427419
-0.865604 -0.419355
-0.865604 -0.403226
-0.838269 -0.379032
-0.829157 -0.379032
-0.829157 -0.370968
-0.820046 -0.362903
-0.820046 -0.346774
-0.810934 -0.338710
-0.810934 -0.314516
-0.792711 -0.298387
-0.765376 -0.298387
-0.756264 -0.306452
-0.747153 -0.306452
-0.692483 -0.354839
-0.692483 -0.362903
-0.646925 -0.403226
-0.646925 -0.411290
-0.628702 -0.427419
-0.628702 -0.435484
-0.610478 -0.451613
-0.610478 -0.459677
-0.574032 -0.491935
-0.574032 -0.500000
-0.555809 -0.516129
-0.555809 -0.524194
-0.519362 -0.556452
-0.519362 -0.564516
-0.482916 -0.596774
-0.482916 -0.604839
-0.446469 -0.637097
-0.446469 -0.645161
-0.391800 -0.693548
-0.391800 -0.701613
-0.346241 -0.741935
-0.346241 -0.750000
-0.309795 -0.782258
-0.309795 -0.790323
-0.273349 -0.822581
-0.273349 -0.830645
-0.236902 -0.862903
-0.236902 -0.870968
-0.218679 -0.887097
-0.218679 -0.895161
-0.191344 -0.919355
-0.191344 -0.927419
-0.154897 -0.959677
-0.154897 -0.967742
-0.118451 -1.000000
-0.118451 -1.008065
-0.072893 -1.048387
-0.072893 -1.056452
-0.027335 -1.096774
-0.027335 -1.104839
0.027335 -1.153226
0.027335 -1.161290
0.100228 -1.225806
0.100228 -1.233871
0.136674 -1.266129
0.136674 -1.274194
0.154897 -1.290323
0.164009 -1.290323
0.209567 -1.330645
0.218679 -1.330645
0.236902 -1.346774
0.246014 -1.346774
0.264237 -1.362903
0.273349 -1.362903
0.291572 -1.379032
0.300683 -1.379032
0.328018 -1.403226
0.337130 -1.403226
0.346241 -1.411290
0.355353 -1.411290
0.382688 -1.435484
0.382688 -1.451613
0.391800 -1.459677
0.391800 -1.500000
0.382688 -1.508065
0.382688 -1.556452
0.373576 -1.564516
0.373576 -1.572581
0.364465 -1.580645
0.364465 -1.620968
0.355353 -1.629032
0.355353 -1.709677
0.346241 -1.717742
0.346241 -1.725806
0.337130 -1.733871
0.337130 -1.750000
0.328018 -1.758065
0.328018 -1.790323
0.318907 -1.798387
0.318907 -1.822581
0.309795 -1.830645
0.309795 -1.846774
0.300683 -1.854839
0.300683 -1.879032
0.282460 -1.895161
0.282460 -1.919355
0.273349 -1.927419
0.273349 -1.951613
0.264237 -1.959677
0.264237 -1.983871
0.255125 -1.991935
0.255125 -2.024194
0.246014 -2.032258
0.246014 -2.064516
0.236902 -2.072581
0.236902 -2.120968
0.227790 -2.129032
0.227790 -2.169355
0.218679 -2.177419
0.218679 -2.209677
0.200456 -2.225806
0.200456 -2.241935
0.191344 -2.250000
0.191344 -2.258065
0.182232 -2.266129
0.182232 -2.306452
0.191344 -2.314516
0.191344 -2.346774
0.200456 -2.354839
0.200456 -2.370968
0.209567 -2.379032
0.209567 -2.395161
0.218679 -2.403226
0.218679 -2.419355
0.209567 -2.427419
0.209567 -2.435484
0.200456 -2.443548
0.200456 -2.451613
0.191344 -2.459677
0.191344 -2.467742
0.164009 -2.491935
0.164009 -2.500000
0.136674 -2.524194
0.136674 -2.540323
0.118451 -2.556452
0.109339 -2.556452
0.091116 -2.572581
0.091116 -2.620968
0.100228 -2.629032
0.100228 -2.750000
0.091116 -2.758065
0.091116 -2.814516
0.082005 -2.822581
0.082005 -2.862903
0.063781 -2.879032
0.063781 -2.887097
0.045558 -2.903226
0.045558 -2.911290
0.036446 -2.919355
0.036446 -2.927419
0.027335 -2.935484
0.027335 -2.943548
0.018223 -2.951613
0.018223 -2.959677
0.000000 -2.975806
0.000000 -2.983871
-0.018223 -3.000000
-0.018223 -3.008065
-0.036446 -3.024194
-0.036446 -3.032258
-0.045558 -3.040323
-0.045558 -3.056452
-0.054670 -3.064516
-0.054670 -3.072581
-0.063781 -3.080645
-0.063781 -3.096774
-0.072893 -3.104839
-0.072893 -3.120968
-0.082005 -3.129032
-0.082005 -3.145161
-0.091116 -3.153226
-0.091116 -3.177419
-0.100228 -3.185484
-0.100228 -3.282258
-0.109339 -3.290323
-0.109339 -3.298387
-0.145786 -3.330645
-0.145786 -3.362903
-0.154897 -3.370968
-0.154897 -3.411290
-0.164009 -3.419355
-0.164009 -3.475806
-0.154897 -3.483871
-0.154897 -3.491935
-0.136674 -3.508065
-0.127563 -3.500000
-0.118451 -3.500000
-0.109339 -3.491935
-0.082005 -3.516129
-0.072893 -3.516129
-0.045558 -3.540323
-0.036446 -3.540323
-0.009112 -3.564516
-0.009112 -3.572581
0.000000 -3.580645
-0.018223 -3.596774
-0.027335 -3.596774
-0.027335 -3.612903
-0.009112 -3.629032
-0.009112 -3.637097
0.000000 -3.645161
0.009112 -3.645161
0.018223 -3.653226
0.027335 -3.653226
0.036446 -3.661290
0.036446 -3.677419
0.045558 -3.685484
0.045558 -3.701613
0.036446 -3.709677
0.027335 -3.709677
0.018223 -3.717742
0.009112 -3.717742
0.009112 -3.725806
0.000000 -3.733871
0.000000 -3.741935
0.009112 -3.750000
0.009112 -3.774194
0.027335 -3.774194
0.036446 -3.766129
0.045558 -3.774194
0.045558 -3.790323
0.063781 -3.790323
0.072893 -3.798387
0.082005 -3.798387
0.091116 -3.806452
0.109339 -3.806452
0.118451 -3.814516
0.227790 -3.814516
0.236902 -3.806452
0.337130 -3.806452
0.346241 -3.798387
0.400911 -3.798387
0.410023 -3.790323
0.391800 -3.750000
0.382688 -3.741935
0.337130 -3.741935
0.328018 -3.733871
0.318907 -3.733871
0.309795 -3.725806
0.328018 -3.709677
0.337130 -3.709677
0.346241 -3.701613
0.346241 -3.693548
0.337130 -3.685484
0.346241 -3.677419
0.355353 -3.677419
0.364465 -3.669355
0.400911 -3.669355
0.410023 -3.677419
0.437358 -3.677419
0.446469 -3.685484
0.473804 -3.685484
0.482916 -3.693548
0.482916 -3.750000
0.482916 -3.782258
0.464692 -3.782258
0.455581 -3.790323
0.574032 -3.693548
0.592255 -3.709677
0.674260 -3.709677
0.683371 -3.717742
0.774487 -3.717742
0.783599 -3.725806
0.929385 -3.725806
0.938497 -3.733871
1.066059 -3.733871
1.075171 -3.741935
1.257403 -3.741935
1.266515 -3.733871
1.302961 -3.733871
1.312073 -3.725806
1.321185 -3.725806
1.330296 -3.717742
1.330296 -3.693548
1.339408 -3.685484
1.339408 -3.629032
1.302961 -3.596774
1.302961 -3.588710
1.293850 -3.580645
1.293850 -3.572581
1.284738 -3.564516
1.284738 -3.540323
1.275626 -3.532258
1.275626 -3.524194
1.239180 -3.491935
1.230068 -3.491935
1.220957 -3.483871
1.211845 -3.483871
1.202733 -3.475806
1.193622 -3.475806
1.184510 -3.467742
1.166287 -3.467742
1.157175 -3.459677
1.129841 -3.459677
1.120729 -3.451613
1.102506 -3.451613
1.093394 -3.443548
1.075171 -3.443548
1.066059 -3.435484
1.047836 -3.435484
1.038724 -3.427419
1.029613 -3.427419
1.020501 -3.419355
1.011390 -3.419355
0.993166 -3.403226
0.984055 -3.403226
0.956720 -3.379032
0.947608 -3.379032
0.938497 -3.370968
0.929385 -3.370968
0.838269 -3.290323
0.838269 -3.282258
0.792711 -3.241935
0.792711 -3.233871
0.738041 -3.185484
0.738041 -3.177419
0.710706 -3.153226
0.710706 -3.145161
0.692483 -3.129032
0.692483 -3.120968
0.674260 -3.104839
0.674260 -3.096774
0.656036 -3.080645
0.656036 -3.072581
0.637813 -3.056452
0.637813 -3.048387
0.610478 -3.024194
0.610478 -3.016129
0.601367 -3.008065
0.601367 -3.000000
0.592255 -2.991935
0.592255 -2.967742
0.601367 -2.959677
0.610478 -2.959677
0.619590 -2.951613
0.665148 -2.951613
0.674260 -2.943548
0.683371 -2.943548
0.692483 -2.935484
0.710706 -2.935484
0.719818 -2.927419
0.728929 -2.927419
0.756264 -2.903226
0.765376 -2.903226
0.801822 -2.870968
0.801822 -2.862903
0.810934 -2.854839
0.810934 -2.830645
0.820046 -2.822581
0.820046 -2.782258
0.829157 -2.774194
0.829157 -2.717742
0.838269 -2.709677
0.838269 -2.669355
0.847380 -2.661290
0.847380 -2.629032
0.856492 -2.620968
0.856492 -2.564516
0.865604 -2.556452
0.865604 -2.500000
0.874715 -2.491935
0.874715 -2.467742
0.883827 -2.459677
0.883827 -2.411290
0.892938 -2.403226
0.892938 -2.379032
0.902050 -2.370968
0.902050 -2.346774
0.911162 -2.338710
0.911162 -2.322581
0.920273 -2.314516
0.920273 -2.306452
0.929385 -2.298387
0.929385 -2.274194
0.938497 -2.266129
0.938497 -2.233871
0.947608 -2.225806
0.947608 -2.201613
0.956720 -2.193548
0.956720 -2.177419
0.965831 -2.169355
0.965831 -2.161290
0.974943 -2.153226
0.974943 -2.137097
0.984055 -2.129032
0.984055 -2.112903
0.993166 -2.104839
0.993166 -2.088710
1.002278 -2.080645
1.002278 -2.072581
1.011390 -2.064516
1.011390 -2.048387
1.020501 -2.040323
1.020501 -2.024194
1.029613 -2.016129
1.029613 -2.000000
1.038724 -1.991935
1.038724 -1.983871
1.047836 -1.975806
1.047836 -1.959677
1.056948 -1.951613
1.056948 -1.935484
1.066059 -1.927419
1.066059 -1.911290
1.075171 -1.903226
1.075171 -1.887097
1.084282 -1.879032
1.084282 -1.862903
1.093394 -1.854839
1.093394 -1.846774
1.102506 -1.838710
1.102506 -1.822581
1.111617 -1.814516
1.111617 -1.798387
1.120729 -1.790323
1.120729 -1.774194
1.129841 -1.766129
1.129841 -1.758065
1.138952 -1.750000
1.138952 -1.725806
1.148064 -1.717742
1.148064 -1.693548
1.157175 -1.685484
1.157175 -1.669355
1.166287 -1.661290
1.166287 -1.637097
1.175399 -1.629032
1.175399 -1.612903
1.184510 -1.604839
1.184510 -1.588710
1.193622 -1.580645
1.193622 -1.564516
1.202733 -1.556452
1.202733 -1.548387
1.211845 -1.540323
1.211845 -1.524194
1.220957 -1.516129
1.220957 -1.467742
1.211845 -1.459677
1.211845 -1.443548
1.202733 -1.435484
1.202733 -1.427419
1.193622 -1.419355
1.193622 -1.387097
1.184510 -1.379032
1.184510 -1.362903
1.175399 -1.354839
1.175399 -1.338710
1.166287 -1.330645
1.166287 -1.322581
1.157175 -1.314516
1.157175 -1.298387
1.148064 -1.290323
1.148064 -1.274194
1.138952 -1.266129
1.138952 -1.250000
1.129841 -1.241935
1.129841 -1.233871
1.120729 -1.225806
1.120729 -1.209677
1.102506 -1.193548
1.102506 -1.177419
1.093394 -1.169355
1.093394 -1.161290
1.084282 -1.153226
1.084282 -1.145161
1.075171 -1.137097
1.075171 -1.120968
1.066059 -1.112903
1.066059 -1.096774
1.056948 -1.088710
1.056948 -1.072581
1.047836 -1.064516
1.047836 -1.048387
1.038724 -1.040323
1.038724 -1.024194
1.029613 -1.016129
1.029613 -1.008065
1.020501 -1.000000
1.020501 -0.983871
1.011390 -0.975806
1.011390 -0.959677
1.002278 -0.951613
1.002278 -0.943548
0.993166 -0.935484
0.993166 -0.919355
0.984055 -0.911290
0.984055 -0.895161
0.974943 -0.887097
0.974943 -0.879032
0.965831 -0.870968
0.965831 -0.854839
0.956720 -0.846774
0.956720 -0.838710
0.947608 -0.830645
0.947608 -0.814516
0.938497 -0.806452
0.938497 -0.798387
0.929385 -0.790323
0.929385 -0.774194
0.920273 -0.766129
0.920273 -0.750000
0.911162 -0.741935
0.911162 -0.725806
0.902050 -0.717742
0.902050 -0.709677
0.892938 -0.701613
0.892938 -0.693548
0.883827 -0.685484
0.883827 -0.677419
0.874715 -0.669355
0.874715 -0.653226
0.865604 -0.645161
0.865604 -0.637097
0.856492 -0.629032
0.856492 -0.620968
0.838269 -0.604839
0.838269 -0.588710
0.829157 -0.580645
0.829157 -0.572581
0.820046 -0.564516
0.820046 -0.556452
0.810934 -0.548387
0.810934 -0.540323
0.801822 -0.532258
0.801822 -0.524194
0.792711 -0.516129
0.792711 -0.508065
0.783599 -0.500000
0.783599 -0.491935
0.774487 -0.483871
0.774487 -0.475806
0.765376 -0.467742
0.765376 -0.459677
0.756264 -0.451613
0.756264 -0.443548
0.747153 -0.435484
0.747153 -0.427419
0.728929 -0.411290
0.728929 -0.403226
0.719818 -0.395161
0.719818 -0.387097
0.710706 -0.379032
0.710706 -0.370968
0.701595 -0.362903
0.701595 -0.354839
0.692483 -0.346774
0.692483 -0.338710
0.674260 -0.322581
0.674260 -0.314516
0.665148 -0.306452
0.665148 -0.298387
0.656036 -0.290323
0.656036 -0.282258
0.646925 -0.274194
0.646925 -0.266129
0.637813 -0.258065
0.637813 -0.250000
0.619590 -0.233871
0.619590 -0.225806
0.601367 -0.209677
0.601367 -0.201613
0.592255 -0.193548
0.592255 -0.185484
0.574032 -0.169355
0.574032 -0.161290
0.564920 -0.153226
0.564920 -0.145161
0.555809 -0.137097
0.555809 -0.129032
0.537585 -0.112903
0.537585 -0.104839
0.528474 -0.096774
0.528474 -0.088710
0.519362 -0.080645
0.519362 -0.072581
0.501139 -0.056452
0.501139 -0.048387
0.464692 -0.016129
0.464692 -0.008065
0.446469 0.008065
0.446469 0.016129
0.419134 0.040323
0.419134 0.048387
0.400911 0.064516
0.400911 0.072581
0.382688 0.088710
0.382688 0.096774
0.373576 0.104839
0.373576 0.112903
0.355353 0.129032
0.355353 0.137097
0.346241 0.145161
0.346241 0.153226
0.328018 0.169355
0.328018 0.177419
0.309795 0.193548
0.309795 0.201613
0.300683 0.209677
0.300683 0.217742
0.282460 0.233871
0.282460 0.250000
0.273349 0.258065
0.273349 0.266129
0.255125 0.282258
0.255125 0.290323
0.246014 0.298387
0.246014 0.314516
0.236902 0.322581
0.236902 0.346774
0.227790 0.354839
0.227790 0.395161
0.236902 0.403226
0.236902 0.419355
0.246014 0.427419
0.246014 0.443548
0.255125 0.451613
0.255125 0.467742
0.264237 0.475806
0.264237 0.483871
0.273349 0.491935
0.273349 0.564516
0.282460 0.572581
0.273349 0.580645
0.273349 0.620968
0.264237 0.629032
0.264237 0.645161
0.255125 0.653226
0.255125 0.661290
0.209567 0.701613
0.200456 0.701613
0.182232 0.717742
0.173121 0.717742
0.154897 0.733871
0.145786 0.733871
0.136674 0.741935
0.127563 0.741935
0.118451 0.750000
0.109339 0.750000
0.100228 0.758065
0.091116 0.758065
0.082005 0.766129
0.072893 0.766129
0.063781 0.774194
0.045558 0.774194
0.027335 0.790323
0.018223 0.790323
0.000000 0.806452
0.000000 0.814516
0.018223 0.830645
0.091116 0.830645
0.100228 0.838710
0.118451 0.838710
0.127563 0.846774
0.136674 0.846774
0.154897 0.862903
0.164009 0.862903
0.200456 0.895161
0.200456 0.903226
0.209567 0.911290
0.209567 0.919355
0.227790 0.935484
0.236902 0.935484
0.246014 0.943548
0.273349 0.943548
0.282460 0.951613
0.291572 0.951613
0.291572 0.983871
0.273349 0.983871
0.264237 0.975806
0.255125 0.975806
0.246014 0.983871
0.246014 0.991935
0.264237 1.008065
0.264237 1.016129
0.318907 1.008065
0.328018 1.008065
0.337130 1.000000
0.337130 0.991935
0.355353 1.016129
0.355353 1.024194
0.355353 1.032258
0.346241 1.032258
0.346241 1.024194
0.364465 1.032258
0.364465 1.040323
0.373576 1.032258
0.382688 1.040323
0.318907 1.072581
0.318907 1.080645
0.309795 1.064516
0.309795 1.056452
0.337130 1.096774
0.337130 1.104839
0.355353 1.120968
0.355353 1.129032
0.364465 1.137097
0.364465 1.145161
0.382688 1.161290
0.382688 1.169355
0.400911 1.185484
0.400911 1.193548
0.410023 1.201613
0.410023 1.209677
0.419134 1.217742
0.419134 1.225806
0.437358 1.241935
0.437358 1.250000
0.455581 1.266129
0.455581 1.274194
0.464692 1.282258
0.464692 1.290323
0.473804 1.298387
0.473804 1.306452
0.492027 1.322581
0.492027 1.330645
0.501139 1.338710
0.501139 1.346774
0.510251 1.354839
0.510251 1.370968
0.519362 1.379032
0.519362 1.395161
0.528474 1.403226
0.528474 1.419355
0.537585 1.427419
0.537585 1.435484
0.546697 1.443548
0.546697 1.451613
0.555809 1.459677
0.555809 1.467742
0.564920 1.475806
0.564920 1.491935
0.574032 1.500000
0.574032 1.508065
0.583144 1.516129
0.583144 1.524194
0.592255 1.532258
0.592255 1.556452
0.601367 1.564516
0.601367 1.572581
0.610478 1.580645
0.610478 1.588710
0.619590 1.596774
0.619590 1.612903
0.628702 1.620968
0.628702 1.637097
0.637813 1.645161
0.637813 1.669355
0.646925 1.677419
0.646925 1.693548
0.656036 1.701613
0.656036 1.725806
0.665148 1.733871
0.665148 1.758065
0.674260 1.766129
0.674260 1.790323
0.683371 1.798387
0.683371 1.830645
0.692483 1.838710
0.692483 1.862903
0.701595 1.870968
0.701595 1.895161
0.710706 1.903226
0.710706 1.927419
0.719818 1.935484
0.719818 1.951613
0.728929 1.959677
0.728929 2.024194
0.738041 2.032258
0.738041 2.072581
0.747153 2.080645
0.747153 2.104839
0.756264 2.112903
0.756264 2.137097
0.765376 2.145161
0.765376 2.161290
0.774487 2.169355
0.774487 2.185484
0.783599 2.193548
0.783599 2.250000
0.792711 2.258065
0.792711 2.282258
0.801822 2.290323
0.801822 2.322581
0.810934 2.330645
0.810934 2.362903
0.801822 2.370968
0.801822 2.403226
0.810934 2.411290
0.820046 2.411290
0.820046 2.419355
0.829157 2.427419
0.829157 2.451613
0.820046 2.459677
0.829157 2.467742
0.956720 2.403226
0.965831 2.411290
0.956720 2.338710
0.947608 2.330645
0.947608 2.298387
0.938497 2.290323
0.938497 2.258065
0.929385 2.250000
0.929385 2.201613
0.920273 2.193548
0.920273 2.161290
0.911162 2.153226
0.911162 2.137097
0.902050 2.129032
0.902050 2.088710
0.892938 2.080645
0.892938 2.056452
0.883827 2.048387
0.883827 2.024194
0.874715 2.016129
0.874715 1.991935
0.865604 1.983871
0.865604 1.967742
0.856492 1.959677
0.856492 1.935484
0.847380 1.927419
0.847380 1.903226
0.838269 1.895161
0.838269 1.870968
0.829157 1.862903
0.829157 1.846774
0.820046 1.838710
0.820046 1.814516
0.810934 1.806452
0.810934 1.790323
0.801822 1.782258
0.801822 1.766129
0.792711 1.758065
0.792711 1.741935
0.783599 1.733871
0.783599 1.709677
0.774487 1.701613
0.774487 1.677419
0.765376 1.669355
0.765376 1.653226
0.756264 1.645161
0.756264 1.629032
0.747153 1.620968
0.747153 1.604839
0.738041 1.596774
0.738041 1.588710
0.728929 1.580645
0.728929 1.564516
0.719818 1.556452
0.719818 1.540323
0.710706 1.532258
0.710706 1.524194
0.701595 1.516129
0.701595 1.508065
0.692483 1.500000
0.692483 1.483871
0.683371 1.475806
0.683371 1.467742
0.674260 1.459677
0.674260 1.443548
0.665148 1.435484
0.665148 1.427419
0.656036 1.419355
0.656036 1.403226
0.646925 1.395161
0.646925 1.387097
0.637813 1.379032
0.637813 1.362903
0.628702 1.354839
0.628702 1.346774
0.619590 1.338710
0.619590 1.330645
0.610478 1.322581
0.610478 1.314516
0.592255 1.298387
0.592255 1.290323
0.564920 1.266129
0.564920 1.258065
0.555809 1.250000
0.555809 1.233871
0.537585 1.217742
0.528474 1.217742
0.528474 1.209677
0.519362 1.201613
0.528474 1.193548
0.528474 1.185484
0.546697 1.185484
0.564920 1.201613
0.583144 1.201613
0.619590 1.233871
0.628702 1.233871
0.637813 1.241935
0.646925 1.241935
0.665148 1.258065
0.674260 1.258065
0.683371 1.266129
0.692483 1.266129
0.701595 1.274194
0.710706 1.274194
0.719818 1.282258
0.728929 1.282258
0.747153 1.298387
0.756264 1.298387
0.765376 1.306452
0.774487 1.306452
0.792711 1.322581
0.801822 1.322581
0.810934 1.330645
0.820046 1.330645
0.838269 1.346774
0.847380 1.346774
0.956720 1.443548
0.956720 1.451613
0.993166 1.483871
0.993166 1.491935
1.020501 1.516129
1.020501 1.524194
1.047836 1.548387
1.047836 1.556452
1.056948 1.564516
1.056948 1.572581
1.093394 1.604839
1.120729 1.604839
1.129841 1.596774
1.148064 1.596774
1.157175 1.588710
1.175399 1.588710
1.184510 1.580645
1.193622 1.580645
1.202733 1.572581
1.220957 1.572581
1.230068 1.564516
1.248292 1.564516
1.257403 1.556452
1.275626 1.556452
1.284738 1.548387
1.302961 1.548387
1.312073 1.540323
1.321185 1.540323
1.330296 1.532258
1.348519 1.532258
1.357631 1.524194
1.375854 1.524194
1.384966 1.516129
1.403189 1.516129
1.412301 1.508065
1.430524 1.508065
1.439636 1.500000
1.457859 1.500000
1.466970 1.491935
1.485194 1.491935
1.494305 1.483871
1.521640 1.483871
1.530752 1.475806
1.548975 1.475806
1.558087 1.467742
1.576310 1.467742
1.585421 1.459677
1.612756 1.459677
1.621868 1.451613
1.640091 1.451613
1.649203 1.443548
1.694761 1.443548
1.703872 1.435484
1.740319 1.435484
1.749431 1.427419
1.794989 1.427419
1.804100 1.419355
1.876993 1.419355
1.886105 1.411290
1.922551 1.411290
1.931663 1.403226
1.968109 1.403226
1.977221 1.395161
1.986333 1.395161
1.995444 1.387097
2.022779 1.387097
2.031891 1.379032
2.050114 1.379032
2.059226 1.370968
2.095672 1.370968
2.104784 1.362903
2.113895 1.362903
2.123007 1.354839
2.150342 1.354839
2.159453 1.346774
2.177677 1.346774
2.186788 1.338710
2.214123 1.338710
2.223235 1.330645
2.241458 1.330645
2.250569 1.322581
2.268793 1.322581
2.277904 1.314516
2.296128 1.314516
2.305239 1.306452
2.314351 1.306452
2.323462 1.298387
2.341686 1.298387
2.350797 1.290323
2.359909 1.290323
2.369021 1.282258
2.387244 1.282258
2.396355 1.274194
2.405467 1.274194
2.414579 1.266129
2.432802 1.266129
2.441913 1.258065
2.451025 1.258065
2.460137 1.250000
2.478360 1.250000
2.487472 1.241935
2.496583 1.241935
2.505695 1.233871
2.523918 1.233871
2.533030 1.225806
2.542141 1.225806
2.551253 1.217742
2.569476 1.217742
2.578588 1.209677
2.587699 1.209677
2.596811 1.201613
2.605923 1.201613
2.615034 1.193548
2.633257 1.193548
2.642369 1.185484
2.651481 1.185484
2.660592 1.177419
2.669704 1.177419
2.678815 1.169355
2.687927 1.169355
2.697039 1.161290
2.715262 1.161290
2.724374 1.153226
2.733485 1.153226
2.742597 1.145161
2.751708 1.145161
2.760820 1.137097
2.769932 1.137097
2.779043 1.129032
2.797267 1.129032
2.806378 1.120968
2.815490 1.120968
2.824601 1.112903
2.833713 1.112903
2.842825 1.104839
2.851936 1.104839
2.861048 1.096774
2.879271 1.096774
2.888383 1.088710
2.897494 1.088710
2.906606 1.080645
2.915718 1.080645
2.924829 1.072581
2.933941 1.072581
2.961276 1.048387
2.961276 1.040323
2.979499 1.024194
3.015945 1.024194
3.025057 1.032258
3.107062 1.032258
3.116173 1.024194
3.134396 1.024194
3.143508 1.016129
3.152620 1.016129
3.161731 1.008065
3.179954 1.008065
3.189066 1.000000
3.207289 1.000000
3.216401 0.991935
3.225513 0.991935
3.234624 0.983871
3.243736 0.983871
3.252847 0.975806
3.280182 0.975806
3.289294 0.967742
3.316629 0.967742
3.325740 0.959677
3.343964 0.959677
3.353075 0.951613
3.380410 0.951613
3.389522 0.943548
3.407745 0.943548
3.416856 0.935484
3.435080 0.935484
3.489749 0.887097
3.498861 0.887097
3.507973 0.879032
3.507973 0.846774
3.498861 0.838710
3.498861 0.830645
3.480638 0.814516
3.480638 0.806452
3.471526 0.798387
3.471526 0.782258
3.453303 0.766129
3.453303 0.758065
3.444191 0.750000
3.444191 0.741935
3.435080 0.733871
3.435080 0.725806
3.380410 0.677419
3.380410 0.669355
3.343964 0.637097
3.343964 0.629032
3.334852 0.620968
3.334852 0.612903
3.316629 0.596774
3.316629 0.588710
3.298405 0.572581
3.289294 0.572581
3.280182 0.564516
3.271071 0.564516
3.243736 0.540323
3.243736 0.540323
3.234624 0.548387
3.225513 0.556452
3.216401 0.556452
3.216401 0.548387
3.243736 0.524194
3.234624 0.516129
3.234624 0.508065
3.225513 0.500000
3.225513 0.491935
3.216401 0.483871
3.207289 0.483871
3.189066 0.467742
3.189066 0.459677
3.152620 0.427419
3.134396 0.443548
3.134396 0.459677
3.125285 0.467742
2.851936 0.467742
2.833713 0.451613
2.833713 0.419355
2.806378 0.395161
2.788155 0.395161
2.779043 0.403226
2.769932 0.403226
2.751708 0.419355
2.751708 0.443548
2.733485 0.459677
2.733485 0.491935
2.706150 0.491935
2.697039 0.483871
2.687927 0.483871
2.678815 0.491935
2.687927 0.500000
2.687927 0.516129
2.697039 0.524194
2.697039 0.532258
2.706150 0.540323
2.706150 0.548387
2.715262 0.556452
2.715262 0.572581
2.724374 0.580645
2.724374 0.588710
2.742597 0.604839
2.742597 0.612903
2.751708 0.620968
2.751708 0.629032
2.769932 0.645161
2.769932 0.653226
2.779043 0.661290
2.779043 0.669355
2.788155 0.677419
2.788155 0.685484
2.742597 0.717742
2.742597 0.725806
2.733485 0.709677
2.733485 0.701613
2.706150 0.677419
2.697039 0.677419
2.697039 0.669355
2.678815 0.653226
2.660592 0.653226
2.651481 0.661290
2.651481 0.669355
2.642369 0.677419
2.642369 0.701613
2.678815 0.733871
2.715262 0.733871
2.715262 0.750000
2.724374 0.758065
2.724374 0.766129
2.715262 0.782258
2.751708 0.790323
2.760820 0.790323
2.769932 0.798387
2.769932 0.806452
2.760820 0.814516
2.751708 0.814516
2.669704 0.782258
2.660592 0.790323
2.660592 0.798387
2.651481 0.806452
2.660592 0.814516
2.660592 0.830645
2.633257 0.870968
2.633257 0.879032
2.642369 0.879032
2.651481 0.887097
2.660592 0.887097
2.687927 0.911290
2.706150 0.911290
2.715262 0.919355
2.724374 0.919355
2.742597 0.935484
2.751708 0.935484
2.760820 0.943548
2.779043 0.943548
2.788155 0.951613
2.797267 0.951613
2.806378 0.959677
2.833713 0.959677
2.842825 0.951613
2.870159 0.951613
2.879271 0.943548
2.879271 0.935484
2.861048 0.919355
2.833713 0.919355
2.824601 0.927419
2.779043 0.927419
2.769932 0.919355
2.760820 0.919355
2.842825 0.814516
2.851936 0.814516
2.861048 0.822581
2.861048 0.830645
2.888383 0.854839
2.888383 0.862903
2.906606 0.879032
2.915718 0.879032
2.933941 0.895161
2.970387 0.895161
2.979499 0.903226
2.997722 0.887097
2.997722 0.879032
3.006834 0.895161
3.006834 0.903226
3.006834 0.903226
3.015945 0.911290
3.015945 0.911290
3.015945 0.919355
3.034169 0.935484
3.052392 0.935484
3.061503 0.927419
3.043280 0.911290
2.943052 0.830645
2.943052 0.822581
2.906606 0.790323
2.897494 0.790323
2.870159 0.766129
2.870159 0.750000
2.851936 0.733871
2.842825 0.733871
2.615034 0.854839
2.605923 0.854839
2.569476 0.822581
2.560364 0.822581
2.533030 0.798387
2.533030 0.790323
2.514806 0.774194
2.514806 0.766129
2.487472 0.741935
2.487472 0.733871
2.478360 0.725806
2.478360 0.717742
2.469248 0.709677
2.469248 0.701613
2.441913 0.677419
2.441913 0.669355
2.432802 0.661290
2.432802 0.653226
2.423690 0.645161
2.423690 0.629032
2.414579 0.620968
2.414579 0.612903
2.405467 0.604839
2.405467 0.588710
2.396355 0.580645
2.396355 0.564516
2.387244 0.556452
2.387244 0.532258
2.378132 0.524194
2.378132 0.500000
2.369021 0.491935
2.369021 0.435484
2.359909 0.427419
2.359909 0.322581
2.369021 0.314516
2.369021 0.266129
2.378132 0.258065
2.378132 0.233871
2.387244 0.225806
2.387244 0.209677
2.396355 0.201613
2.396355 0.177419
2.405467 0.169355
2.405467 0.161290
2.414579 0.153226
2.414579 0.137097
2.423690 0.129032
2.423690 0.120968
2.432802 0.112903
2.432802 0.104839
2.441913 0.096774
2.441913 0.088710
2.451025 0.080645
2.451025 0.072581
2.478360 0.048387
2.478360 0.040323
2.505695 0.016129
2.505695 0.008065
2.569476 -0.048387
2.569476 -0.056452
2.660592 -0.137097
2.669704 -0.137097
2.678815 -0.145161
2.697039 -0.145161
2.715262 -0.161290
2.724374 -0.161290
2.742597 -0.177419
2.751708 -0.177419
2.769932 -0.193548
2.779043 -0.193548
2.788155 -0.201613
2.797267 -0.201613
2.806378 -0.209677
2.815490 -0.209677
2.824601 -0.217742
2.833713 -0.217742
2.842825 -0.225806
2.851936 -0.225806
2.861048 -0.233871
2.870159 -0.233871
2.879271 -0.241935
2.897494 -0.241935
2.906606 -0.250000
2.997722 -0.250000
3.006834 -0.258065
3.234624 -0.258065
3.243736 -0.250000
3.271071 -0.250000
3.280182 -0.241935
3.307517 -0.241935
3.316629 -0.233871
3.325740 -0.233871
3.334852 -0.225806
3.353075 -0.225806
3.362187 -0.217742
3.389522 -0.217742
3.398633 -0.209677
3.407745 -0.209677
3.416856 -0.201613
3.435080 -0.201613
3.444191 -0.193548
3.453303 -0.193548
3.462415 -0.185484
3.471526 -0.185484
3.489749 -0.169355
3.498861 -0.169355
3.517084 -0.153226
3.526196 -0.153226
3.553531 -0.129032
3.562642 -0.129032
3.599089 -0.096774
3.608200 -0.096774
3.635535 -0.072581
3.635535 -0.064516
3.699317 -0.008065
3.699317 -0.000000
3.717540 0.016129
3.717540 0.024194
3.735763 0.040323
3.735763 0.048387
3.753986 0.064516
3.763098 0.064516
3.781321 0.048387
3.808656 0.048387
3.845103 0.080645
3.845103 0.096774
3.863326 0.112903
3.863326 0.120968
3.872437 0.129032
3.872437 0.137097
3.881549 0.145161
3.881549 0.161290
3.890661 0.169355
3.890661 0.177419
3.899772 0.185484
3.899772 0.201613
3.908884 0.209677
3.908884 0.225806
3.917995 0.233871
3.917995 0.241935
3.927107 0.250000
3.890661 0.274194
3.890661 0.282258
3.899772 0.290323
3.899772 0.314516
3.908884 0.322581
3.908884 0.338710
3.917995 0.346774
3.917995 0.354839
3.927107 0.362903
3.927107 0.346774
3.936219 0.338710
3.936219 0.306452
3.927107 0.298387
3.872437 0.258065
3.872437 0.241935
3.863326 0.233871
3.863326 0.217742
3.854214 0.209677
3.854214 0.201613
3.845103 0.193548
3.845103 0.185484
3.799544 0.193548
3.790433 0.185484
3.790433 0.177419
3.799544 0.169355
3.799544 0.161290
3.808656 0.153226
3.799544 0.209677
3.808656 0.217742
3.808656 0.225806
3.826879 0.241935
3.826879 0.266129
3.835991 0.274194
3.835991 0.314516
3.845103 0.322581
3.845103 0.346774
3.854214 0.354839
3.854214 0.403226
3.863326 0.411290
3.863326 0.516129
3.872437 0.524194
3.872437 0.556452
3.899772 0.580645
3.899772 0.604839
3.890661 0.612903
3.890661 0.669355
3.881549 0.677419
3.881549 0.693548
3.835991 0.733871
3.835991 0.741935
3.826879 0.750000
3.826879 0.766129
3.835991 0.774194
3.835991 0.806452
3.826879 0.814516
3.826879 0.822581
3.854214 0.846774
3.863326 0.846774
3.872437 0.838710
3.881549 0.838710
3.890661 0.830645
3.899772 0.830645
3.945330 0.790323
3.981777 0.774194
3.990888 0.782258
3.990888 0.806452
4.000000 0.814516
4.000000 0.830645
3.990888 0.838710
3.990888 0.854839
3.981777 0.862903
3.981777 0.903226
3.972665 0.911290
3.972665 0.935484
3.963554 0.943548
3.963554 0.967742
3.954442 0.975806
3.954442 1.008065
3.945330 1.016129
3.945330 1.040323
3.936219 1.048387
3.936219 1.056452
3.927107 1.064516
3.927107 1.072581
3.890661 1.104839
3.881549 1.104839
3.835991 1.145161
3.826879 1.145161
3.817768 1.153226
3.808656 1.153226
3.799544 1.161290
3.790433 1.161290
3.772210 1.177419
3.763098 1.177419
3.753986 1.185484
3.744875 1.185484
3.735763 1.193548
3.726651 1.193548
3.699317 1.217742
3.690205 1.217742
3.681093 1.225806
3.671982 1.225806
3.653759 1.241935
3.644647 1.241935
3.626424 1.258065
3.617312 1.258065
3.608200 1.266129
3.599089 1.266129
3.571754 1.290323
3.562642 1.290323
3.553531 1.298387
3.544419 1.298387
3.526196 1.314516
3.517084 1.314516
3.507973 1.322581
3.498861 1.322581
3.480638 1.338710
3.471526 1.338710
3.462415 1.346774
3.453303 1.346774
3.444191 1.354839
3.435080 1.354839
3.407745 1.379032
3.398633 1.379032
3.371298 1.403226
3.362187 1.403226
3.343964 1.419355
3.334852 1.419355
3.325740 1.427419
3.316629 1.427419
3.307517 1.435484
3.298405 1.435484
3.280182 1.451613
3.271071 1.451613
3.261959 1.459677
3.216401 1.459677
3.207289 1.467742
3.179954 1.467742
3.170843 1.475806
3.143508 1.475806
3.134396 1.483871
3.116173 1.483871
3.107062 1.491935
3.088838 1.491935
3.079727 1.500000
3.070615 1.500000
3.061503 1.508065
3.034169 1.508065
3.025057 1.516129
3.015945 1.516129
3.006834 1.524194
2.997722 1.524194
2.988610 1.532258
2.970387 1.532258
2.961276 1.540323
2.943052 1.540323
2.933941 1.548387
2.915718 1.548387
2.906606 1.556452
2.897494 1.556452
2.888383 1.564516
2.879271 1.564516
2.870159 1.572581
2.861048 1.572581
2.851936 1.580645
2.833713 1.580645
2.824601 1.588710
2.815490 1.588710
2.806378 1.596774
2.788155 1.596774
2.779043 1.604839
2.769932 1.604839
2.760820 1.612903
2.751708 1.612903
2.733485 1.629032
2.724374 1.629032
2.678815 1.669355
2.669704 1.669355
2.651481 1.685484
2.642369 1.685484
2.633257 1.693548
2.624146 1.693548
2.615034 1.701613
2.605923 1.701613
2.596811 1.709677
2.587699 1.709677
2.578588 1.717742
2.569476 1.717742
2.551253 1.733871
2.542141 1.733871
2.533030 1.741935
2.505695 1.741935
2.496583 1.750000
2.451025 1.750000
2.441913 1.758065
2.414579 1.758065
2.405467 1.766129
2.396355 1.766129
2.369021 1.790323
2.359909 1.790323
2.341686 1.806452
2.332574 1.806452
2.314351 1.822581
2.305239 1.822581
2.296128 1.830645
2.287016 1.830645
2.268793 1.846774
2.259681 1.846774
2.250569 1.854839
2.241458 1.854839
2.232346 1.862903
2.214123 1.862903
2.205011 1.870968
2.195900 1.870968
2.186788 1.879032
2.177677 1.879032
2.168565 1.887097
2.159453 1.887097
2.150342 1.895161
2.141230 1.895161
2.132118 1.903226
2.123007 1.903226
2.113895 1.911290
2.104784 1.911290
2.095672 1.919355
2.086560 1.919355
2.077449 1.927419
2.068337 1.927419
2.059226 1.935484
2.050114 1.935484
2.031891 1.951613
2.022779 1.951613
2.013667 1.959677
2.004556 1.959677
1.995444 1.967742
1.986333 1.967742
1.977221 1.975806
1.968109 1.975806
1.958998 1.983871
1.940774 1.983871
1.931663 1.991935
1.922551 1.991935
1.913440 2.000000
1.895216 2.000000
1.886105 2.008065
1.858770 2.008065
1.849658 2.016129
1.840547 2.016129
1.822323 2.032258
1.822323 2.040323
1.813212 2.048387
1.813212 2.072581
1.804100 2.080645
1.804100 2.112903
1.794989 2.120968
1.794989 2.137097
1.785877 2.145161
1.785877 2.153226
1.776765 2.161290
1.776765 2.169355
1.758542 2.185484
1.758542 2.193548
1.749431 2.201613
1.740319 2.201613
1.731207 2.209677
1.731207 2.217742
1.703872 2.241935
1.694761 2.241935
1.603645 2.322581
1.594533 2.322581
1.548975 2.362903
1.539863 2.362903
1.503417 2.395161
1.494305 2.395161
1.476082 2.411290
1.466970 2.411290
1.448747 2.427419
1.439636 2.427419
1.430524 2.435484
1.421412 2.435484
1.412301 2.443548
1.394077 2.443548
1.384966 2.451613
1.357631 2.451613
1.348519 2.459677
1.321185 2.459677
1.312073 2.467742
1.293850 2.467742
1.284738 2.475806
1.266515 2.475806
1.257403 2.483871
1.239180 2.483871
1.038724 2.661290
1.029613 2.661290
1.002278 2.685484
0.993166 2.685484
0.984055 2.693548
0.965831 2.693548
0.947608 2.709677
0.938497 2.709677
0.929385 2.717742
0.902050 2.717742
0.892938 2.709677
0.892938 2.693548
0.938497 2.653226
0.938497 2.645161
0.947608 2.637097
0.947608 2.620968
0.956720 2.612903
0.956720 2.580645
0.965831 2.572581
0.829157 2.645161
0.820046 2.653226
0.820046 2.677419
0.810934 2.685484
0.810934 2.709677
0.801822 2.717742
0.801822 2.725806
0.792711 2.733871
0.792711 2.741935
0.774487 2.758065
0.774487 2.766129
0.765376 2.774194
0.765376 2.782258
0.774487 2.790323
0.774487 2.806452
0.783599 2.814516
0.783599 2.830645
0.792711 2.838710
0.792711 2.846774
0.801822 2.854839
0.801822 2.862903
0.810934 2.870968
0.810934 2.879032
0.820046 2.887097
0.820046 2.919355
0.829157 2.927419
0.829157 2.943548
0.838269 2.951613
0.838269 2.959677
0.856492 2.975806
0.856492 3.000000
0.865604 3.008065
0.865604 3.024194
0.874715 3.032258
0.902050 3.024194
0.902050 3.016129
0.911162 3.032258
0.920273 3.032258
0.920273 3.040323
0.929385 3.048387
0.929385 3.056452
0.938497 3.064516
0.938497 3.080645
0.947608 3.088710
0.947608 3.120968
0.956720 3.129032
0.956720 3.137097
0.965831 3.145161
0.965831 3.153226
0.984055 3.169355
0.984055 3.177419
1.002278 3.193548
1.002278 3.233871
1.011390 3.241935
1.011390 3.258065
1.020501 3.266129
1.020501 3.274194
1.047836 3.298387
1.047836 3.314516
1.056948 3.322581
1.056948 3.338710
1.066059 3.346774
1.066059 3.395161
1.075171 3.403226
1.075171 3.435484
1.084282 3.443548
1.084282 3.491935
1.093394 3.500000
1.093394 3.516129
1.084282 3.524194
1.084282 3.540323
1.075171 3.548387
1.075171 3.572581
1.056948 3.588710
1.056948 3.596774
1.038724 3.612903
1.038724 3.620968
1.020501 3.637097
1.020501 3.645161
1.002278 3.661290
1.002278 3.669355
0.984055 3.685484
0.984055 3.693548
0.965831 3.709677
0.965831 3.717742
0.920273 3.758065
0.920273 3.766129
0.883827 3.798387
0.883827 3.806452
0.874715 3.814516
0.874715 3.822581
0.783599 3.903226
0.783599 3.911290
0.774487 3.919355
0.765376 3.919355
0.756264 3.927419
0.747153 3.927419
0.728929 3.943548
0.719818 3.943548
0.710706 3.951613
0.701595 3.951613
0.692483 3.959677
0.683371 3.959677
0.674260 3.967742
0.656036 3.967742
0.646925 3.975806
0.628702 3.975806
0.619590 3.983871
0.601367 3.983871
0.583144 4.000000
0.492027 4.000000
0.482916 3.991935
0.455581 3.991935
0.446469 3.983871
0.437358 3.983871
0.428246 3.975806
0.419134 3.975806
0.410023 3.967742
0.318907 3.967742
0.309795 3.975806
0.300683 3.975806
0.291572 3.983871
0.182232 3.983871
0.173121 3.975806
0.164009 3.975806
0.154897 3.967742
0.145786 3.967742
0.136674 3.959677
0.127563 3.959677
0.118451 3.951613
0.109339 3.951613
0.091116 3.935484
0.082005 3.935484
0.072893 3.927419
0.063781 3.927419
0.036446 3.903226
0.027335 3.903226
0.018223 3.895161
0.009112 3.895161
-0.027335 3.862903
-0.036446 3.862903
-0.045558 3.854839
-0.054670 3.854839
-0.082005 3.830645
-0.091116 3.830645
-0.109339 3.814516
-0.118451 3.814516
-0.182232 3.758065
-0.191344 3.758065
-0.218679 3.733871
-0.218679 3.725806
-0.255125 3.693548
-0.255125 3.685484
-0.273349 3.669355
-0.273349 3.661290
-0.300683 3.637097
-0.300683 3.629032
-0.337130 3.596774
-0.337130 3.588710
-0.355353 3.572581
-0.355353 3.564516
-0.364465 3.556452
-0.364465 3.548387
-0.373576 3.540323
-0.373576 3.532258
-0.382688 3.524194
-0.382688 3.508065
-0.391800 3.500000
-0.391800 3.475806
-0.364465 3.451613
-0.355353 3.451613
-0.337130 3.435484
-0.337130 3.419355
-0.300683 3.387097
-0.300683 3.370968
-0.291572 3.362903
-0.291572 3.354839
-0.282460 3.346774
-0.282460 3.338710
-0.273349 3.330645
-0.273349 3.322581
-0.255125 3.306452
-0.255125 3.298387
-0.236902 3.282258
-0.236902 3.274194
-0.200456 3.241935
-0.200456 3.233871
-0.191344 3.225806
-0.191344 3.209677
-0.182232 3.201613
-0.182232 3.177419
-0.173121 3.169355
-0.173121 3.161290
-0.164009 3.153226
-0.164009 3.137097
-0.145786 3.120968
-0.145786 3.112903
-0.136674 3.104839
-0.136674 3.096774
-0.127563 3.088710
-0.127563 3.080645
-0.118451 3.072581
-0.118451 3.064516
-0.109339 3.056452
-0.109339 3.032258
-0.100228 3.016129
-0.109339 3.008065
-0.127563 3.016129
-0.109339 2.975806
-0.072893 2.943548
-0.054670 2.943548
-0.045558 2.951613
-0.036446 2.951613
-0.018223 2.967742
-0.018223 2.975806
-0.009112 2.975806
0.000000 2.967742
0.000000 2.951613
0.009112 2.943548
0.009112 2.935484
0.018223 2.927419
0.018223 2.919355
0.036446 2.903226
0.036446 2.887097
0.045558 2.879032
0.045558 2.870968
0.054670 2.862903
0.054670 2.854839
0.063781 2.846774
0.063781 2.838710
0.082005 2.822581
0.082005 2.814516
0.100228 2.798387
0.100228 2.790323
0.127563 2.766129
0.127563 2.758065
0.145786 2.741935
0.145786 2.733871
0.154897 2.725806
0.154897 2.717742
0.164009 2.709677
0.164009 2.701613
0.173121 2.693548
0.182232 2.693548
0.227790 2.701613
0.246014 2.766129
0.236902 2.774194
0.236902 2.790323
0.246014 2.798387
0.273349 2.798387
0.282460 2.806452
0.291572 2.806452
0.300683 2.814516
0.291572 2.766129
0.309795 2.750000
0.318907 2.750000
0.328018 2.741935
0.328018 2.725806
0.337130 2.717742
0.337130 2.693548
0.346241 2.685484
0.346241 2.677419
0.364465 2.677419
0.373576 2.669355
0.382688 2.669355
0.391800 2.661290
0.391800 2.645161
0.410023 2.645161
0.419134 2.637097
0.501139 2.637097
0.510251 2.645161
0.519362 2.645161
0.528474 2.653226
0.537585 2.653226
0.555809 2.669355
0.564920 2.669355
0.601367 2.701613
0.619590 2.701613
0.637813 2.717742
0.637813 2.725806
0.656036 2.741935
0.674260 2.741935
0.710706 2.725806
0.710706 2.709677
0.701595 2.701613
0.701595 2.693548
0.683371 2.677419
0.683371 2.669355
0.674260 2.661290
0.674260 2.653226
0.665148 2.645161
0.665148 2.637097
0.656036 2.629032
0.656036 2.620968
0.592255 2.564516
0.583144 2.564516
0.564920 2.548387
0.501139 2.548387
0.492027 2.540323
0.482916 2.540323
0.473804 2.532258
0.400911 2.532258
0.391800 2.540323
0.382688 2.540323
0.373576 2.548387
0.364465 2.548387
0.355353 2.556452
0.346241 2.556452
0.337130 2.564516
0.328018 2.564516
0.400911 2.814516
0.410023 2.822581
0.428246 2.822581
0.437358 2.830645
0.446469 2.830645
0.473804 2.854839
0.473804 2.870968
0.464692 2.879032
0.446469 2.879032
0.437358 2.887097
0.419134 2.887097
0.400911 2.903226
0.400911 2.919355
0.391800 2.927419
0.391800 2.943548
0.419134 2.943548
0.428246 2.935484
0.492027 2.935484
0.501139 2.943548
0.555809 2.943548
0.564920 2.935484
0.574032 2.935484
0.583144 2.927419
0.583144 2.919355
0.592255 2.911290
0.592255 2.895161
0.583144 2.887097
0.574032 2.887097
0.564920 2.879032
0.528474 2.879032
0.519362 2.870968
0.492027 2.854839
0.492027 2.846774
0.510251 2.830645
0.519362 2.830645
0.528474 2.822581
0.583144 2.822581
0.592255 2.830645
0.601367 2.830645
0.610478 2.838710
0.646925 2.838710
0.665148 2.822581
0.683371 2.822581
0.692483 2.814516
0.701595 2.822581
0.719818 2.822581
0.738041 2.838710
0.747153 2.838710
0.774487 2.862903
0.774487 2.887097
0.783599 2.895161
0.783599 2.911290
0.738041 2.790323
0.728929 2.782258
0.719818 2.782258
0.747153 2.782258
0.747153 2.766129
0.728929 2.750000
0.728929 2.741935
0.874715 3.064516
0.883827 3.072581
0.883827 3.137097
0.874715 3.145161
0.874715 3.153226
0.865604 3.161290
0.847380 3.161290
0.838269 3.153226
0.829157 3.153226
0.820046 3.145161
0.774487 3.145161
0.765376 3.137097
0.756264 3.137097
0.738041 3.120968
0.701595 3.120968
0.683371 3.137097
0.610478 3.137097
0.601367 3.145161
0.564920 3.145161
0.555809 3.153226
0.546697 3.153226
0.537585 3.161290
0.528474 3.161290
0.510251 3.177419
0.501139 3.177419
0.501139 3.185484
0.492027 3.193548
0.492027 3.201613
0.482916 3.209677
0.473804 3.209677
0.464692 3.217742
0.410023 3.169355
0.400911 3.169355
0.391800 3.161290
0.382688 3.161290
0.346241 3.129032
0.337130 3.129032
0.328018 3.120968
0.236902 3.120968
0.227790 3.129032
0.145786 3.129032
0.136674 3.137097
0.018223 3.137097
0.009112 3.145161
-0.009112 3.145161
-0.018223 3.137097
-0.018223 3.104839
-0.027335 3.096774
-0.027335 3.048387
-0.018223 3.040323
-0.018223 3.016129
-0.027335 3.008065
-0.027335 2.991935
-0.045558 2.991935
-0.054670 3.000000
-0.063781 3.000000
-0.082005 3.016129
-0.182232 3.016129
-0.191344 3.008065
-0.209567 3.008065
-0.218679 3.000000
-0.246014 3.000000
-0.255125 2.991935
-0.264237 2.991935
-0.273349 2.983871
-0.291572 2.983871
-0.300683 2.975806
-0.318907 2.975806
-0.328018 2.967742
-0.346241 2.967742
-0.355353 2.959677
-0.364465 2.959677
-0.373576 2.951613
-0.391800 2.951613
-0.400911 2.943548
-0.410023 2.943548
-0.419134 2.935484
-0.437358 2.935484
-0.446469 2.927419
-0.455581 2.927419
-0.464692 2.919355
-0.473804 2.919355
-0.482916 2.911290
-0.492027 2.911290
-0.501139 2.903226
-0.510251 2.903226
-0.528474 2.887097
-0.546697 2.887097
-0.555809 2.879032
-0.574032 2.879032
-0.583144 2.870968
-0.601367 2.870968
-0.610478 2.862903
-0.628702 2.862903
-0.637813 2.854839
-0.656036 2.854839
-0.665148 2.846774
-0.683371 2.846774
-0.692483 2.838710
-0.701595 2.838710
-0.719818 2.822581
-0.710706 2.814516
-0.710706 2.806452
-0.701595 2.806452
-0.692483 2.798387
-0.683371 2.798387
-0.674260 2.790323
-0.665148 2.790323
-0.656036 2.782258
-0.646925 2.782258
-0.628702 2.766129
-0.619590 2.766129
-0.528474 2.685484
-0.528474 2.677419
-0.519362 2.669355
-0.519362 2.661290
-0.501139 2.645161
-0.501139 2.637097
-0.492027 2.629032
-0.492027 2.620968
-0.482916 2.612903
-0.482916 2.604839
-0.473804 2.596774
-0.473804 2.588710
-0.464692 2.580645
-0.464692 2.564516
-0.455581 2.556452
-0.455581 2.548387
-0.446469 2.540323
-0.446469 2.532258
-0.437358 2.524194
-0.437358 2.500000
-0.428246 2.491935
-0.428246 2.467742
-0.419134 2.459677
-0.419134 2.443548
-0.410023 2.435484
-0.410023 2.379032
-0.400911 2.370968
-0.510251 2.322581
-0.519362 2.330645
-0.519362 2.346774
-0.528474 2.354839
-0.528474 2.379032
-0.537585 2.387097
-0.537585 2.403226
-0.546697 2.411290
-0.546697 2.427419
-0.555809 2.435484
-0.555809 2.443548
-0.564920 2.451613
-0.564920 2.467742
-0.574032 2.475806
-0.574032 2.483871
-0.583144 2.491935
-0.583144 2.500000
-0.592255 2.508065
-0.592255 2.516129
-0.601367 2.524194
-0.601367 2.532258
-0.610478 2.540323
-0.610478 2.548387
-0.628702 2.564516
-0.628702 2.572581
-0.646925 2.588710
-0.646925 2.596774
-0.738041 2.677419
-0.747153 2.677419
-0.774487 2.701613
-0.783599 2.701613
-0.810934 2.725806
-0.820046 2.725806
-0.829157 2.733871
-0.911162 2.733871
-0.920273 2.725806
-0.956720 2.725806
-0.965831 2.717742
-1.002278 2.717742
-1.011390 2.709677
-1.029613 2.709677
-1.038724 2.701613
-1.047836 2.701613
-1.056948 2.693548
-1.084282 2.693548
-1.093394 2.685484
-1.102506 2.685484
-1.111617 2.677419
-1.120729 2.677419
-1.129841 2.669355
-1.138952 2.669355
-1.239180 2.580645
-1.239180 2.572581
-1.293850 2.524194
-1.293850 2.516129
-1.312073 2.500000
-1.312073 2.491935
-1.339408 2.467742
-1.339408 2.459677
-1.357631 2.443548
-1.357631 2.435484
-1.366743 2.427419
-1.366743 2.419355
-1.375854 2.411290
-1.375854 2.403226
-1.384966 2.395161
-1.384966 2.387097
-1.394077 2.379032
-1.394077 2.370968
-1.403189 2.362903
-1.403189 2.354839
-1.412301 2.346774
-1.412301 2.338710
-1.421412 2.330645
-1.421412 2.306452
-1.430524 2.298387
-1.430524 2.282258
-1.439636 2.274194
-1.439636 2.266129
-1.485194 2.225806
-1.494305 2.225806
-1.521640 2.201613
-1.530752 2.201613
-1.567198 2.169355
-1.576310 2.169355
-1.594533 2.153226
-1.603645 2.153226
-1.640091 2.120968
-1.649203 2.120968
-1.685649 2.088710
-1.694761 2.088710
-1.722096 2.064516
-1.731207 2.064516
-1.758542 2.040323
-1.767654 2.040323
-1.794989 2.016129
-1.804100 2.016129
-1.822323 2.000000
-1.831435 2.000000
-1.840547 1.991935
-1.849658 1.991935
-1.886105 1.959677
-1.895216 1.959677
-1.922551 1.935484
-1.931663 1.935484
-1.958998 1.911290
-1.968109 1.911290
-2.004556 1.879032
-2.013667 1.879032
-2.022779 1.870968
-2.031891 1.870968
-2.059226 1.846774
-2.068337 1.846774
-2.095672 1.822581
-2.104784 1.822581
-2.123007 1.806452
-2.132118 1.806452
-2.159453 1.782258
-2.168565 1.782258
-2.186788 1.766129
-2.195900 1.766129
-2.232346 1.733871
-2.241458 1.733871
-2.268793 1.709677
-2.277904 1.709677
-2.323462 1.669355
-2.332574 1.669355
-2.359909 1.645161
-2.369021 1.645161
-2.396355 1.620968
-2.405467 1.620968
-2.423690 1.604839
-2.432802 1.604839
-2.478360 1.564516
-2.487472 1.564516
-2.514806 1.540323
-2.523918 1.540323
-2.587699 1.483871
-2.596811 1.483871
-2.642369 1.443548
-2.651481 1.443548
-2.724374 1.379032
-2.733485 1.379032
-2.788155 1.330645
-2.797267 1.330645
-2.851936 1.282258
-2.861048 1.282258
-2.861048 1.274194
-2.870159 1.266129
-2.879271 1.266129
-2.933941 1.217742
-2.943052 1.217742
-2.952164 1.209677
-2.952164 1.201613
-2.979499 1.177419
-2.988610 1.177419
-3.134396 1.048387
-3.134396 1.040323
-3.161731 1.016129
-3.161731 1.008065
-3.179954 0.991935
-3.179954 0.983871
-3.298405 0.879032
-3.298405 0.870968
-3.343964 0.830645
-3.343964 0.822581
-3.398633 0.774194
-3.398633 0.766129
-3.462415 0.709677
-3.462415 0.701613
-3.489749 0.677419
-3.489749 0.669355
-3.507973 0.653226
-3.507973 0.645161
-3.526196 0.629032
-3.535308 0.629032
-3.535308 0.620968
-3.544419 0.612903
-3.544419 0.604839
-3.599089 0.556452
-3.599089 0.548387
-3.608200 0.540323
-3.608200 0.532258
-3.626424 0.516129
-3.626424 0.508065
-3.635535 0.500000
-3.635535 0.491935
-3.644647 0.483871
-3.644647 0.475806
-3.653759 0.467742
-3.653759 0.459677
-3.662870 0.451613
-3.662870 0.443548
-3.671982 0.435484
-3.671982 0.427419
-3.681093 0.419355
-3.681093 0.411290
-3.690205 0.403226
-3.690205 0.395161
-3.708428 0.379032
-3.708428 0.354839
-3.717540 0.346774
-3.717540 0.338710
-3.708428 0.330645
-3.708428 0.314516
-3.644647 0.258065
-3.635535 0.258065
-3.608200 0.233871
-3.599089 0.233871
-3.589977 0.225806
-3.580866 0.225806
-3.562642 0.209677
-3.553531 0.209677
-3.544419 0.201613
-3.535308 0.201613
-3.526196 0.193548
-3.517084 0.193548
-3.498861 0.177419
-3.489749 0.177419
-3.480638 0.169355
-3.471526 0.169355
-3.462415 0.161290
-3.444191 0.161290
-3.298405 0.064516
-3.298405 0.056452
-3.289294 0.048387
-3.271071 0.048387
-3.271071 0.040323
-3.261959 0.056452
-3.261959 0.072581
-3.252847 0.080645
-3.261959 0.088710
-3.280182 0.072581
-3.289294 0.072581
-3.289294 0.024194
-3.298405 -0.000000
-3.316629 -0.016129
-3.316629 -0.024194
-3.325740 -0.032258
-3.325740 -0.040323
-3.334852 -0.048387
-3.334852 -0.056452
-3.343964 -0.064516
-3.343964 -0.080645
-3.353075 -0.088710
-3.353075 -0.104839
-3.362187 -0.112903
-3.371298 -0.112903
-3.389522 -0.129032
-3.389522 -0.209677
-3.362187 -0.233871
-3.353075 -0.233871
-3.343964 -0.225806
-3.334852 -0.225806
-3.325740 -0.217742
-3.325740 -0.201613
-3.316629 -0.193548
-3.316629 -0.177419
-3.307517 -0.169355
-3.307517 -0.153226
-3.298405 -0.145161
-3.298405 -0.080645
-3.289294 -0.072581
-3.289294 -0.048387
-3.298405 -0.040323
-3.881549 0.120968
-3.881549 0.129032
-3.890661 0.137097
-3.890661 0.145161
-3.899772 0.145161
-3.908884 0.137097
-3.917995 0.137097
-3.917995 0.129032
-3.927107 0.120968
-3.927107 0.104839
-3.936219 0.096774
-3.936219 0.072581
-3.927107 0.064516
-3.927107 0.056452
-3.908884 0.072581
-3.908884 0.088710
-3.890661 0.104839
-3.890661 0.112903
-1.239180 0.870968
-1.230068 0.862903
-1.220957 0.862903
-1.211845 0.854839
-1.202733 0.854839
-1.193622 0.846774
-1.166287 0.846774
-1.157175 0.838710
-1.138952 0.838710
-1.129841 0.830645
-1.102506 0.830645
-1.093394 0.838710
-1.084282 0.838710
-1.075171 0.846774
-1.075171 0.854839
-1.011390 0.911290
-1.011390 0.927419
-1.002278 0.935484
-1.002278 0.943548
-0.965831 0.975806
-0.965831 0.983871
-0.947608 1.000000
-0.947608 1.008065
-0.938497 1.016129
-0.938497 1.032258
-0.929385 1.040323
-0.929385 1.056452
-0.911162 1.072581
-0.911162 1.088710
-0.883827 1.112903
-0.883827 1.120968
-0.874715 1.129032
-0.874715 1.137097
-0.865604 1.145161
-0.865604 1.153226
-0.856492 1.161290
-0.856492 1.177419
-0.838269 1.193548
-0.838269 1.201613
-0.829157 1.209677
-0.829157 1.217742
-0.820046 1.225806
-0.820046 1.233871
-0.810934 1.241935
-0.810934 1.258065
-0.801822 1.266129
-0.801822 1.274194
-0.792711 1.282258
-0.792711 1.298387
-0.783599 1.306452
-0.783599 1.314516
-0.774487 1.322581
-0.774487 1.330645
-0.756264 1.346774
-0.756264 1.362903
-0.747153 1.370968
-0.747153 1.379032
-0.738041 1.387097
-0.738041 1.395161
-0.728929 1.403226
-0.728929 1.419355
-0.719818 1.427419
-0.719818 1.435484
-0.710706 1.443548
-0.710706 1.451613
-0.692483 1.467742
-0.692483 1.483871
-0.683371 1.491935
-0.683371 1.508065
-0.674260 1.516129
-0.674260 1.532258
-0.665148 1.540323
-0.665148 1.556452
-0.656036 1.564516
-0.656036 1.572581
-0.646925 1.580645
-0.646925 1.588710
-0.637813 1.596774
-0.637813 1.612903
-0.628702 1.620968
-0.628702 1.637097
-0.619590 1.645161
-0.619590 1.653226
-0.610478 1.661290
-0.610478 1.669355
-0.601367 1.677419
-0.601367 1.685484
-0.592255 1.693548
-0.592255 1.709677
-0.583144 1.717742
-0.583144 1.725806
-0.574032 1.733871
-0.574032 1.741935
-0.564920 1.750000
-0.564920 1.758065
-0.555809 1.766129
-0.555809 1.782258
-0.546697 1.790323
-0.546697 1.814516
-0.537585 1.822581
-0.537585 1.838710
-0.528474 1.846774
-0.528474 1.862903
-0.519362 1.870968
-0.519362 1.887097
-0.510251 1.895161
-0.510251 1.903226
-0.501139 1.911290
-0.501139 1.919355
-0.492027 1.927419
-0.492027 1.935484
-0.482916 1.943548
-0.482916 1.959677
-0.473804 1.967742
-0.473804 1.983871
-0.464692 1.991935
-0.464692 2.008065
-0.455581 2.016129
-0.455581 2.040323
-0.446469 2.048387
-0.446469 2.072581
-0.437358 2.080645
-0.437358 2.096774
-0.428246 2.104839
-0.428246 2.129032
-0.419134 2.137097
-0.419134 2.161290
-0.410023 2.169355
-0.410023 2.193548
-0.400911 2.201613
-0.492027 2.201613
-0.501139 2.209677
-0.501139 2.266129
-0.510251 2.274194
-0.492027 2.088710
-0.501139 2.080645
-0.501139 2.032258
-0.510251 2.024194
-0.510251 2.008065
-0.519362 2.000000
-0.519362 1.991935
-0.528474 1.983871
-0.528474 1.959677
-0.537585 1.951613
-0.537585 1.943548
-0.546697 1.935484
-0.546697 1.919355
-0.564920 1.903226
-0.564920 1.887097
-0.574032 1.879032
-0.574032 1.870968
-0.583144 1.862903
-0.583144 1.854839
-0.592255 1.846774
-0.592255 1.838710
-0.601367 1.830645
-0.601367 1.822581
-0.619590 1.806452
-0.619590 1.798387
-0.628702 1.790323
-0.628702 1.782258
-0.637813 1.774194
-0.637813 1.766129
-0.646925 1.758065
-0.646925 1.750000
-0.656036 1.741935
-0.656036 1.733871
-0.665148 1.725806
-0.665148 1.717742
-0.674260 1.709677
-0.674260 1.701613
-0.692483 1.685484
-0.692483 1.677419
-0.701595 1.669355
-0.701595 1.653226
-0.710706 1.645161
-0.710706 1.637097
-0.719818 1.629032
-0.719818 1.620968
-0.728929 1.612903
-0.728929 1.604839
-0.738041 1.596774
-0.738041 1.588710
-0.747153 1.580645
-0.747153 1.572581
-0.765376 1.556452
-0.765376 1.540323
-0.783599 1.524194
-0.783599 1.516129
-0.792711 1.508065
-0.792711 1.491935
-0.810934 1.475806
-0.810934 1.467742
-0.820046 1.459677
-0.820046 1.451613
-0.829157 1.443548
-0.829157 1.435484
-0.847380 1.419355
-0.847380 1.403226
-0.856492 1.395161
-0.856492 1.387097
-0.865604 1.379032
-0.865604 1.370968
-0.874715 1.362903
-0.874715 1.354839
-0.892938 1.338710
-0.892938 1.330645
-0.902050 1.322581
-0.902050 1.314516
-0.920273 1.298387
-0.920273 1.290323
-0.929385 1.282258
-0.929385 1.274194
-0.938497 1.266129
-0.938497 1.258065
-0.956720 1.241935
-0.956720 1.225806
-0.965831 1.217742
-0.965831 1.209677
-0.974943 1.201613
-0.974943 1.193548
-0.984055 1.185484
-0.984055 1.177419
-0.993166 1.169355
-0.993166 1.153226
-1.002278 1.145161
-1.002278 1.137097
-1.029613 1.112903
-1.029613 1.104839
-1.047836 1.088710
-1.047836 1.080645
-1.056948 1.072581
-1.056948 1.064516
-1.066059 1.056452
-1.066059 1.048387
-1.084282 1.032258
-1.084282 1.024194
-1.093394 1.016129
-1.093394 1.000000
-1.129841 0.967742
-1.129841 0.959677
-1.138952 0.951613
-1.138952 0.943548
-1.166287 0.919355
-1.175399 0.919355
-1.184510 0.911290
-1.211845 0.911290
-1.220957 0.903226
-1.230068 0.903226
-1.239180 0.895161
3.945330 0.741935
3.954442 0.733871
3.981777 0.758065
